Extended

Exemples poste 84
02 D3 0D 00 54 00 02 20 5E 27 95 0F 54 00 01 30 82 82 03
02 D3 0D 00 54 00 02 20 5E 27 95 1D 7A 00 01 38 60 DF 03
02 D3 0D 00 54 00 02 20 5E 27 95 2B 37 00 01 40 A5 31 03
02 D3 0D 00 54 00 02 20 5E 27 95 74 47 00 01 48 27 E9 03

Exemples poste 85
02 D3 0D 00 55 00 02 20 5E 07 98 B6 C8 00 01 08 D2 3E 03 
02 D3 0D 00 55 00 02 20 5E 07 98 C4 DF 00 01 10 23 06 03
02 D3 0D 00 55 00 02 20 5E 07 98 CC 17 00 01 18 84 A6 03 


Normal (poste 84) 
02 53 10 07 54 10 02 20 5E 10 00 97 AC 10 0C 8C A1 03
02 53 10 07 54 10 02 20 5E 10 00 97 E5 10 0A 3A B3 03
02 53 10 07 54 10 02 20 5E 10 00 97 F3 10 08 4E BF 03 




 
  